   -0.0007
   -0.0001
    0.0002
   -0.0006
    0.0012
    0.0066
    0.0061
   -0.0075
   -0.0187
   -0.0077
    0.0134
    0.0147
    0.0011
    0.0039
    0.0160
   -0.0025
   -0.0401
   -0.0348
    0.0134
    0.0288
    0.0016
    0.0177
    0.0789
    0.0440
   -0.1241
   -0.2080
   -0.0292
    0.2268
    0.2268
   -0.0292
   -0.2080
   -0.1241
    0.0440
    0.0789
    0.0177
    0.0016
    0.0288
    0.0134
   -0.0348
   -0.0401
   -0.0025
    0.0160
    0.0039
    0.0011
    0.0147
    0.0134
   -0.0077
   -0.0187
   -0.0075
    0.0061
    0.0066
    0.0012
   -0.0006
    0.0002
   -0.0001
   -0.0007